311.54 157.56 25234.55
244.85 102.60 40916.27
495.50 163.77 38001.52
224.59 367.53 41001.24
150.94 103.86 34104.73
495.48 1.77 26297.77
359.85 353.86 34488.91
148.53 273.85 40728.63
28.10 115.52 44736.75
469.53 86.06 15242.26
275.00 161.82 36826.99
163.15 310.44 32813.89
361.83 188.02 20395.05
440.42 291.73 13399.80
248.90 357.56 14039.77
205.88 117.28 44153.05
39.69 337.03 38491.01
348.88 451.58 21380.80
407.23 57.41 48398.78
499.35 27.71 39826.42
460.07 121.08 10616.80
314.94 318.45 33713.18
155.17 40.26 30624.20
174.02 311.55 17886.08
454.42 441.16 19084.98
426.92 304.73 45568.73
121.38 478.50 27791.19
402.31 333.41 32463.89
143.27 266.34 20381.86
231.04 21.76 23452.05
336.79 359.12 18553.01
38.77 186.50 27052.08
100.30 17.95 26310.75
450.51 344.83 34832.12
321.96 482.75 14725.64
356.77 350.99 43933.31
435.42 110.19 21800.19
211.76 348.16 13301.94
107.78 89.60 48810.24
58.52 73.61 29487.56
480.69 300.00 14103.74
301.18 443.27 49117.29
495.87 448.63 38965.16
204.32 142.65 15723.52
224.53 354.79 19814.30
68.48 352.09 40454.23
328.37 264.93 36845.92
280.19 453.99 31385.22
456.40 35.03 32103.45
491.39 349.48 21415.28
