52.87 397.08 30979.48
323.18 174.58 40441.62
459.95 396.64 40055.47
94.30 167.13 34205.37
18.04 111.85 33249.66
130.10 336.19 42295.03
54.10 249.62 43517.76
131.66 296.47 37230.65
281.49 47.75 48191.66
309.71 17.92 44272.17
168.78 266.32 35475.46
219.86 32.46 45445.53
254.42 2.88 37645.24
115.35 54.14 45837.38
219.51 333.19 49600.99
327.72 341.14 44317.37
287.15 121.61 41108.80
152.11 488.84 34713.52
20.11 416.84 43264.55
275.16 36.98 41286.09
353.80 381.47 42130.44
454.65 42.79 38123.84
159.57 459.58 43642.77
443.77 299.65 33206.75
250.13 26.54 40589.37
115.91 89.46 43642.28
390.82 200.67 40374.75
193.20 225.79 36178.02
433.41 152.15 41589.45
291.46 104.74 39083.45
236.31 344.73 33146.62
355.79 241.33 41672.36
91.56 266.64 40827.22
190.37 166.54 43124.46
483.00 276.67 34041.17
448.22 393.46 47725.29
227.93 315.96 39755.49
188.78 162.03 34209.76
324.86 437.79 46651.85
194.33 285.45 40842.93
395.91 354.53 39212.19
375.26 416.12 48969.88
329.64 399.91 43539.09
293.16 428.04 40049.29
166.65 451.21 39065.81
358.97 473.02 46682.35
431.03 489.65 41871.64
227.26 312.17 34961.15
36.10 103.04 47549.66
201.10 170.26 43666.30
